Country,Year,comp_1,comp_2,comp_3,comp_4,comp_5
Afghanistan,2015,0.07596426006812983,0.9240102132033532,2.5526728467608097e-5,4.937976590099511e-14,9.523918648466116e-26
Albania,2015,0.03162533704908995,0.03932772088126866,0.9006378311878984,0.028409110862130504,1.9612616484769924e-11
Algeria,2015,0.020261428508440985,0.00817890729079831,0.8508892316628172,0.12067043204828302,4.896602915572906e-10
Angola,2015,0.02514823111865299,0.9571227084189977,0.01772903668614139,2.3776208468911078e-8,1.7147321669254336e-23
Argentina,2015,0.005111237434916101,4.0672928176285816e-5,0.19241773122500339,0.8024291454444293,1.2129674750628377e-6
Armenia,2015,0.0415956084838955,0.28011541843364723,0.6780132120182184,2.757610642393394e-4,8.43584980874525e-18
Australia,2015,0.0046582575293688125,2.283098909896976e-10,7.737874307171562e-7,6.682274381684652e-7,0.9953403002274522
Austria,2015,0.007962938365630919,7.15414900711495e-8,8.497042113681393e-4,0.010886694935550265,0.9803005909459604
Azerbaijan,2015,0.024943659551794603,0.01252088759255377,0.864397695684161,0.09813775658325616,5.882346422223283e-10
Bahrain,2015,0.04083423183917144,5.900230073989105e-5,0.1264683430849992,0.8180496592409304,0.014588763534158744
Bangladesh,2015,0.11262619807768896,0.8446916363693405,0.04267837427851665,3.7912744481349434e-6,5.825956927580863e-15
Belarus,2015,0.011836810735219184,3.894298368175167e-4,0.3621217488056436,0.6256509781038264,1.0325184933369488e-6
Belgium,2015,0.02239339916765383,7.331046868612324e-7,0.015173910202055866,0.33534608651250103,0.6270858710131022
Benin,2015,0.036572202226942054,0.962886884477262,5.409132395877452e-4,5.620834345989203e-11,4.0535594559732437e-23
Bhutan,2015,0.9695462365311057,0.014791415702980372,0.01555182141179775,9.76837581685689e-5,1.2842595947919358e-5
Bolivia,2015,0.145880988512983,0.03777173470099364,0.7360364483479203,0.08031031879783537,5.096402679097545e-7
Bosnia and Herzegovina,2015,0.04380907803383951,0.21490701736110093,0.7396221857071333,0.0016617188979165883,9.880352507084757e-15
Botswana,2015,0.08851599262889016,0.46504474037098653,0.4456896564674149,7.496105324029238e-4,3.057141368283905e-13
Brazil,2015,0.013066171508780255,4.625857751451355e-5,0.1332730471957487,0.8532201686030586,3.943541148978552e-4
Bulgaria,2015,0.01934182001737904,0.024308772934776894,0.9428169943137119,0.013532412734068277,6.372690143336386e-14
Burkina Faso,2015,0.055706779328649675,0.9405664735757268,0.0037267385419745354,8.553649215732369e-9,2.3242743374372743e-19
Burundi,2015,0.023574678664886085,0.9764179611253718,7.360209741742814e-6,2.283054883214044e-16,2.549203508365618e-33
Cambodia,2015,0.6291143205858946,0.3644236659840484,0.006461684439863648,3.2898486764858313e-7,5.3254822661324806e-12
Cameroon,2015,0.0760311407234996,0.8929856884784042,0.030981897829030467,1.2729690651603038e-6,2.0315715989607887e-16
Canada,2015,0.00549293895663241,3.815438544789076e-10,1.0804683998696363e-6,8.971862794519346e-7,0.9945050830071448
Chad,2015,0.020274033836711586,0.9787901600355093,9.358060647164614e-4,6.306268728316372e-11,2.153781246993372e-25
Chile,2015,0.10734929997882135,3.022190232122324e-4,0.21383931798441833,0.6613520604038842,0.017157102609663865
China,2015,0.015154311077662656,0.004202874206693021,0.8224600154691097,0.15818279890412426,3.42410474253394e-10
Colombia,2015,0.014403639400059143,2.8345870462028464e-4,0.28747985901838924,0.6978229853265645,1.0057550366956641e-5
Comoros,2015,0.043991196568960285,0.9492490946317302,0.006759684331428968,2.4467880624657572e-8,1.4104937280292883e-19
Costa Rica,2015,0.04058772445509897,1.2187577842754649e-5,0.06647715903032529,0.7686205301733064,0.1243023987634268
Croatia,2015,0.013380073203973084,0.006125924737339565,0.9464197190971236,0.034074282961403045,1.6058264776579625e-13
Cyprus,2015,0.054571092042611125,0.002843677460047309,0.5197970810365916,0.4227732360864444,1.4913374305766426e-5
Czech Republic,2015,0.004116131560699631,2.377978456559711e-5,0.20364950303790216,0.7922104080445284,1.7757230430206676e-7
Denmark,2015,0.0023904976385331032,2.1666293261446792e-11,1.7488997526954636e-7,1.770311207362467e-7,0.9976091504187043
Dominican Republic,2015,0.12306184871611667,0.010766976782830015,0.6443125261941067,0.2218471964817884,1.1451825158049305e-5
Ecuador,2015,0.024305203209650288,0.001031409688062643,0.42802370148515023,0.5466347638093446,4.921807792236065e-6
El Salvador,2015,0.022403802485361245,0.004877979231173573,0.7442570930038478,0.2284611116993234,1.3580293898052755e-8
Estonia,2015,0.007923825709959092,1.9574826586733434e-4,0.3276500069613861,0.6642300817178755,3.373449120759624e-7
Ethiopia,2015,0.135998091857076,0.8553951838422844,0.008606599993881952,1.2430675726305934e-7,5.195514289343423e-16
Finland,2015,0.0012841111884214283,3.433610057452909e-10,8.699901855771246e-6,8.02576174090364e-5,0.9986269309489529
France,2015,0.007217485956454805,1.0629737847457748e-6,0.03714981417449931,0.9495835153408728,0.006048121554388077
Gabon,2015,0.046243428467141384,0.3039571527662282,0.64910700346065,6.924153059792815e-4,1.0850784004989365e-15
Georgia,2015,0.22941584645594446,0.3630690070604754,0.4055455786811502,0.001969567409187044,3.932430279666271e-10
Germany,2015,0.01634430564810052,3.7579199065897747e-7,0.004076098353570692,0.057966445273433295,0.9216127749329047
Ghana,2015,0.08308604631188035,0.860448328783549,0.05646056095829064,5.063946278721057e-6,1.1352737176167415e-15
Greece,2015,0.02195224075030764,0.00841330076906784,0.9677626142736362,0.0018718442069881522,1.9518870061426886e-18
Guatemala,2015,0.24384003477734287,0.012220687728532314,0.5651558191776151,0.17869451276363368,8.894555287612753e-5
Guinea,2015,0.07549593264461958,0.9243954601956156,1.0860715765382994e-4,2.1106955192134937e-12,2.5905259855467932e-23
Haiti,2015,0.409956109988995,0.5895854128130706,4.5847689982089746e-4,2.9811306420574637e-10,6.712764225253785e-17
Honduras,2015,0.10766295785467542,0.2178515175937853,0.6682508334073838,0.006234691057315886,8.68394714592301e-11
Hungary,2015,0.013244424316537908,0.004353870855494299,0.8853083955040465,0.09709330930763921,1.6281870901653953e-11
Iceland,2015,0.002823786809088172,3.963496991880461e-9,4.8244739550555135e-5,4.030308106248171e-4,0.9967249336772392
India,2015,0.10639405092437149,0.8704463055201972,0.023158702920131582,9.406352988258095e-7,1.1524460013522511e-15
Indonesia,2015,0.7852175895639288,0.0825003448330263,0.13076354513838725,0.0015167145238908896,1.8059407663038182e-6
Iraq,2015,0.05240587079588293,0.4816019774462013,0.46575465803463983,2.3749372327544518e-4,3.405480387995273e-16
Ireland,2015,0.00727990340356426,3.585496943959008e-9,7.823905396603632e-6,1.0360207372495395e-5,0.9927019088981696
Israel,2015,0.023886455275472705,1.6319968727000737e-5,0.08163220931324863,0.8763991352347317,0.0180658802078199
Italy,2015,0.0073453174636749115,2.082757367773455e-4,0.37187387010293294,0.6205724517964522,8.490016250653363e-8
Jamaica,2015,0.036104842244880093,0.006424853214094321,0.7102471932893799,0.24722295986275342,1.5138889236233416e-7
Japan,2015,0.004143094106588123,2.895569852109137e-6,0.06184362471208057,0.9338836444276305,1.2674118384866422e-4
Jordan,2015,0.026750555234119743,0.008789248601842922,0.8081458398816387,0.15631435088117232,5.401226330155743e-9
Kazakhstan,2015,0.012797096590925691,6.41669322362546e-4,0.4425636465164235,0.5439972661176259,3.214526623871977e-7
Kenya,2015,0.23751568544414994,0.7405695276981001,0.021913186177147586,1.6006804805708791e-6,1.2193354517490215e-13
Kosovo,2015,0.10641185870294112,0.2763023592394803,0.6135579348428968,0.003727847190805686,2.3876283262126562e-11
Kuwait,2015,0.023625892373543365,7.872846304588297e-6,0.06203223621510365,0.870281328872899,0.04405266969214952
Latvia,2015,0.02162752648698185,0.010038649038347062,0.8640527961096056,0.10428102799171383,3.733519488940287e-10
Lebanon,2015,0.043313907279217446,0.04688482287248231,0.8753611617451591,0.03444010792802637,1.7511482996069691e-10
Lesotho,2015,0.057432395709557826,0.9060217204756543,0.03654462215348947,1.2616612983316163e-6,2.6720354127969783e-17
Liberia,2015,0.04106343884799038,0.9546449022889735,0.004291650690950364,8.172085978422507e-9,2.9279044534203604e-20
Libya,2015,0.021560131487985558,0.0014373796702739545,0.5049495954144547,0.47205200743838704,8.859888989643258e-7
Lithuania,2015,0.010738765429747783,7.357181792909125e-4,0.9185017535463131,0.07002376284455218,9.614058081334212e-14
Luxembourg,2015,0.0017412398933003164,9.230788966559768e-10,1.678037874391573e-5,1.4614296725838746e-4,0.9980958358376185
Madagascar,2015,0.02485931519448602,0.9729317336193242,0.002208950426603002,7.595867632477749e-10,3.292877004980155e-23
Malawi,2015,0.11437151697153397,0.8855573484585436,7.113456893756979e-5,9.848224707122053e-13,6.255058918662649e-23
Malaysia,2015,0.24207557764530974,0.004027700370435857,0.4411322307718167,0.31156549990040844,0.0011989913120293051
Mali,2015,0.05811503619486027,0.9264058514902903,0.015478901646852488,2.1066799701707892e-7,7.191913783779856e-18
Malta,2015,0.1397696735631882,5.507800177023155e-6,0.001855594046274566,0.001583842742187274,0.8567853818481727
Mauritania,2015,0.07829145683671687,0.8891490776464857,0.03255800321589659,1.462300900657849e-6,2.7633439671367626e-16
Mauritius,2015,0.5241976342336505,0.019885541384319527,0.39494795794491955,0.06078255022534783,1.863162117622774e-4
Mexico,2015,0.020985508012656452,7.055716554894158e-5,0.14604717252738877,0.831706296236737,0.0011904660576689528
Moldova,2015,0.05009174086917696,0.08172232920407703,0.8507326153040681,0.017453314585360587,3.731726426167757e-11
Mongolia,2015,0.14545275209169323,0.06719915522160097,0.7448620582382796,0.04248596713858103,6.730984517934768e-8
Montenegro,2015,0.03571343927485764,0.04855945670035878,0.890797283443458,0.024929820558350805,2.297486485733932e-11
Morocco,2015,0.049360175237151215,0.19436786155987382,0.7531977610051079,0.0030742021977104204,1.564287427632931e-13
Mozambique,2015,0.08652514575283907,0.9059900559345269,0.007484735169277892,6.314335587573111e-8,2.4571388985382687e-17
Myanmar,2015,0.9996840539200148,3.1594054990852856e-4,5.530076291928035e-9,3.637747352604563e-18,1.4533736264362169e-18
Namibia,2015,0.03924244342233643,0.11678215503155427,0.8383256382892091,0.005649763256648586,2.516854588304209e-13
Nepal,2015,0.16071501431426882,0.7808098244228566,0.05846469867522189,1.0462587544041291e-5,1.0834590849145163e-13
Netherlands,2015,0.009457286618458235,1.2486171187867762e-9,2.1010574974123106e-6,1.3401766622351054e-6,0.9905392708987654
New Zealand,2015,0.025972069127979967,2.51355662001988e-10,2.6443281652532744e-7,3.655602698583308e-8,0.9740276296318211
Nicaragua,2015,0.4699357410553413,0.008916965594101649,0.39289135285507953,0.12716275812432953,0.0010931823711477918
Niger,2015,0.07954573937113656,0.9169863313152873,0.003467919206224026,1.0107352311142525e-8,2.096056643405407e-18
Nigeria,2015,0.09643262138998035,0.841626718802426,0.06193336691113215,7.292896457574816e-6,4.060750554405481e-15
North Macedonia,2015,0.04568956848033408,0.04358774582099875,0.8702390839351616,0.04048360137694159,3.8656408089730664e-10
Norway,2015,0.0011938462720194627,5.2155848721063174e-11,8.702086200558583e-7,3.101438890281054e-6,0.9988021820283144
Pakistan,2015,0.0769523024512038,0.9140941691902825,0.008953443239511104,8.511900215083124e-8,1.7470325052784807e-17
Panama,2015,0.023685289911112142,5.839659380756876e-5,0.1333428152953869,0.840356106897923,0.002557391301770363
Paraguay,2015,0.30128177285635016,0.007906053346245768,0.4842207959544775,0.2061087509610015,4.826268819250681e-4
Peru,2015,0.02278612824129794,0.006045838864233053,0.7792043414940331,0.19196368494511037,6.455325635825651e-9
Philippines,2015,0.35258574342779175,0.06049699556578353,0.5511785243120296,0.035735972524780564,2.764169614388145e-6
Poland,2015,0.007939971844101985,1.1842597251446763e-4,0.24592389370972853,0.7460153802072523,2.328266402770375e-6
Portugal,2015,0.0088291363290119,4.432924982080445e-4,0.48718521885006016,0.5035423297043347,2.2618385231243798e-8
Qatar,2015,0.007863760651628464,6.517046152562119e-10,1.321150621857176e-6,8.474757933425953e-7,0.9921340700702513
Romania,2015,0.019528889212823454,0.016057600663885323,0.9236795197204327,0.04073399039743737,5.4210953991698715e-12
Rwanda,2015,0.9723382761838101,0.027456277770696338,2.05443360778443e-4,2.6439564643570655e-9,4.075829128407986e-11
Saudi Arabia,2015,0.018257541670534932,7.501066280292762e-5,0.15295682564310162,0.8280862146358691,6.244073876915219e-4
Senegal,2015,0.07370588646121166,0.8701312007426223,0.05615858575895677,4.327037208783837e-6,4.349754185139064e-16
Serbia,2015,0.027475444475889052,0.046578679906776915,0.911081138691492,0.014864736924943153,8.988189409037176e-13
Sierra Leone,2015,0.05634702520162413,0.9382732341117743,0.005379720795534193,1.989106741143796e-8,6.12246960850507e-19
Singapore,2015,0.0034235567269692135,9.477758645354673e-10,4.424648737741708e-6,9.747908477379748e-6,0.9965622697680395
Slovakia,2015,0.00788382545712899,3.2987046955796994e-4,0.4705621576754198,0.5212241304385308,1.5959362581381604e-8
Slovenia,2015,0.01460696482958239,4.520244475883088e-5,0.12921744502586271,0.8554755841191872,6.548035806087292e-4
Somalia,2015,0.6309134507751911,0.36885426424994655,2.3228485602619505e-4,1.1883573866793512e-10,3.0621471687487155e-16
South Africa,2015,0.049812700392408614,0.21374996378101394,0.7339477349532801,0.002489600873208704,8.873373379001986e-14
South Sudan,2015,0.022615129857192842,0.9773342684486508,5.060169410007739e-5,5.66546645013008e-14,4.049438011071842e-29
Spain,2015,0.004020936840111654,6.437133659112392e-6,0.08804734777567165,0.907900962113238,2.4316137319515577e-5
Sri Lanka,2015,0.6949834858250356,0.12156291272948329,0.18151002268131491,0.0019429911386132117,5.876255528559374e-7
Sudan,2015,0.04943064107377703,0.870146790024829,0.08041802368077738,4.545220616701612e-6,1.1893618292058163e-17
Sweden,2015,0.002943747552961271,6.976025317926464e-11,3.9751249701169824e-7,4.246365676594564e-7,0.9970554302282142
Switzerland,2015,7.974823217461349e-4,1.47926294463579e-11,4.879143653948771e-7,2.2768694547749912e-6,0.9991997528796412
Taiwan Province of China,2015,0.014049588207667036,1.4297797772522063e-4,0.21288063865664827,0.7728763633047536,5.043185320567727e-5
Tajikistan,2015,0.2708736408940068,0.49689666958907175,0.23177586655615282,4.538228545480957e-4,1.0622036836253251e-10
Tanzania,2015,0.08165580019278276,0.9126927368054675,0.005651431267038091,3.173471179228315e-8,8.595155576449273e-18
Thailand,2015,0.9246492910352663,7.653067583991165e-4,0.023704734730638777,0.003758653881387634,0.04712201359430873
Togo,2015,0.028331097443281952,0.9716438603393777,2.504221732706422e-5,1.3607784269048163e-14,2.801515430269524e-29
Trinidad and Tobago,2015,0.06977081128576236,0.0013427789114021122,0.3880019666953118,0.5406387829484718,2.456601590519905e-4
Tunisia,2015,0.03613436956704617,0.16844736016930445,0.7941753584509036,0.001242911812745316,6.36962039601449e-16
Turkey,2015,0.023066284681947217,0.013066017944360532,0.8812031862531478,0.0826645109153322,2.05212144628923e-10
Turkmenistan,2015,0.1900940981091455,0.004540759017082355,0.48238932421463854,0.3225261522163519,4.496664427819711e-4
Uganda,2015,0.12346526011849242,0.8548894676111186,0.021644352395459057,9.198749277068957e-7,2.5266108357680094e-15
Ukraine,2015,0.02620942610696132,0.051207639719396784,0.9126304343633808,0.009952499810109375,1.5186416382072072e-13
United Arab Emirates,2015,0.005706618426640796,1.6061616111913267e-8,7.602926981296777e-5,3.532311687216396e-4,0.9938641050732088
United Kingdom,2015,0.04436956401935634,1.2650880343708449e-8,6.018274191716626e-6,1.4316088768426218e-6,0.9556229734466947
United States,2015,0.023003969359074592,7.041284115236273e-7,0.002583826340383237,0.01739440799727225,0.9570170921748585
Uruguay,2015,0.10547063761106891,3.4081605638129106e-5,0.07003249249995255,0.4292048409826961,0.3952579473006439
Uzbekistan,2015,0.6676754353111795,9.94041842723184e-4,0.12683336125790928,0.09105475757027404,0.11344240401791422
Vietnam,2015,0.09222120085711114,0.022084637387548452,0.7596011078898133,0.12609267407982844,3.797856988787704e-7
Zambia,2015,0.19078221869526468,0.6123803701790439,0.196634449157364,2.0296196259579524e-4,5.7318619942931676e-12
Zimbabwe,2015,0.049164984692264484,0.896812286056821,0.054020615798306144,2.1134526082401116e-6,8.615872174428623e-18
Afghanistan,2016,0.044864157207507895,0.9551323607668776,3.482025614474653e-6,1.11740469066335e-16,1.7607118636279466e-31
Albania,2016,0.06228495829979369,0.35052370506154995,0.5860936583419866,0.0010976782966184157,5.136499377517882e-14
Algeria,2016,0.018063725880625908,0.008187738735371937,0.876584443272469,0.09716409200205268,1.094804277751317e-10
Angola,2016,0.017878452064953827,0.9803131084687605,0.0018084394081657699,5.8120123380909804e-11,6.742187287959622e-28
Argentina,2016,0.007527998361970737,2.0072954118045618e-4,0.35108483596117795,0.6411862822303761,1.539052948781729e-7
Armenia,2016,0.047577442132187654,0.5740136886912114,0.3783851545757937,2.3714600807593726e-5,5.872525696807874e-20
Australia,2016,0.023299119509351214,1.3450765114632559e-8,1.0455445483079507e-5,5.337060546577983e-6,0.9766850745338542
Austria,2016,0.04243817076144216,2.815401863073221e-6,0.008579740044436828,0.057548814539875086,0.8914304592523827
Azerbaijan,2016,0.03156713194861245,0.03097116011089061,0.8963923429729121,0.041069364895869605,7.171510475035253e-11
Bahrain,2016,0.049521160688401844,2.6494109668114614e-4,0.22142662510063918,0.7266851579463475,0.002102115167930274
Bangladesh,2016,0.07847033613282697,0.9012934978428535,0.020235641173973043,5.248503460348849e-7,1.1386618864399584e-16
Belarus,2016,0.024040986711512082,0.00448253001065098,0.713731917060471,0.25774453239926726,3.381809846334479e-8
Belgium,2016,0.05758213698360912,8.410222821894408e-6,0.038021649584893104,0.37651264132208434,0.5278751618865918
Benin,2016,0.03177180128196372,0.9681668961189863,6.130259886392776e-5,1.8632375887695678e-13,4.550623141851291e-27
Bhutan,2016,0.9457853086753116,0.04451289175782255,0.009691003421666271,1.0661672902559799e-5,1.3447229647650273e-7
Bolivia,2016,0.16188228573883653,0.11586571535040573,0.701521813667527,0.020730171543596472,1.3699634042353649e-8
Bosnia and Herzegovina,2016,0.0655823285312947,0.5722966492430666,0.36190150562292733,2.1951660270765625e-4,3.978461515987351e-15
Botswana,2016,0.07339741524409378,0.3713979537481306,0.5539848136571756,0.0012198173503851098,2.147471883406168e-13
Brazil,2016,0.01850799482000194,5.071533714487706e-4,0.343875319199426,0.6371012684047315,8.264204391899155e-6
Bulgaria,2016,0.030703855298886827,0.10939601095537754,0.8582832993665197,0.0016168343792155114,3.707118017410708e-16
Burkina Faso,2016,0.04837780308677231,0.9509466911198216,6.755056601212456e-4,1.332845200677244e-10,7.102950484172008e-22
Burundi,2016,0.03027867157079573,0.9697201910096833,1.1374195208293354e-6,1.097655351125079e-18,3.80511426189048e-37
Cambodia,2016,0.46630516385525755,0.5317819605384413,0.0019128646267495201,1.0979538821634623e-8,1.3213075888498179e-14
Cameroon,2016,0.05598466964065143,0.9390292349612697,0.004986078752031516,1.6646047513278965e-8,4.883789071545433e-19
Canada,2016,0.017452034366911937,1.702029918728736e-8,1.735129395583305e-5,1.3957816345852884e-5,0.9825166395024872
Chad,2016,0.01727947432398028,0.9825422293015269,1.7829637388668828e-4,6.057870675154738e-13,4.8632353148919537e-29
Chile,2016,0.08430759629572596,0.0011555805675335638,0.3586977122947624,0.5551824373744063,6.566734675718202e-4
China,2016,0.015702052353199297,0.009131701230295292,0.9240452898045023,0.05112095660859582,3.4072206509487e-12
Colombia,2016,0.01943198768910811,0.0021060519152449482,0.6032797677458946,0.3751820798150004,1.1283475168751667e-7
Comoros,2016,0.02907506810217562,0.9698035827424416,0.0011213489287590491,2.266236810378598e-10,4.132272198423356e-23
Costa Rica,2016,0.031829100176411954,1.1029521842093313e-4,0.16538964719956123,0.8003158248996588,0.002355132505947012
Croatia,2016,0.036104464055998715,0.07243019437213295,0.8789220824189634,0.012543259150596326,2.3082879685831356e-12
Cyprus,2016,0.04726412526257858,0.016151333550934663,0.8054050161019217,0.1311794950487303,3.003583465146374e-8
Czech Republic,2016,0.005693467984679815,9.905889515288778e-5,0.3372793870608473,0.6569280498203249,3.623899487687251e-8
Denmark,2016,0.005917634549545482,8.743873308378103e-10,2.240790597776218e-6,2.245396084500878e-6,0.9940778783893851
Dominican Republic,2016,0.1164370631909593,0.025968082518022823,0.7445323407056511,0.11306186136685935,6.522185071754577e-7
Ecuador,2016,0.029315455896213528,0.004996812606019473,0.6980605361899941,0.26762710004312196,9.52646512217267e-8
El Salvador,2016,0.027767619114849307,0.01952734029942773,0.8879118013150499,0.06479323906870776,2.0196556291130556e-10
Estonia,2016,0.012611120952126671,6.718315535252598e-4,0.4559546554543332,0.5307621550663529,2.3697366191972336e-7
Ethiopia,2016,0.15129112297036001,0.8479227654686372,7.861110825017639e-4,4.785011019352127e-10,1.1241016393063342e-18
Finland,2016,0.0038038146214356815,6.989671115688319e-9,5.262641643719582e-5,3.20556377491505e-4,0.9958229955949647
France,2016,0.006438118834571992,1.648935801572434e-5,0.10456913260644635,0.8888849009013922,9.135829957386467e-5
Gabon,2016,0.048301082576376,0.5196850620146273,0.43190376465342967,1.1009075556700679e-4,1.7886520013501096e-17
Georgia,2016,0.11280407076988488,0.7441866587763284,0.14295472136700632,5.454908671577277e-5,6.437978847121542e-14
Germany,2016,0.025737219568851978,8.750908608936155e-7,0.002855854358790458,0.017884735239060607,0.9535213157424363
Ghana,2016,0.04400396049343126,0.9461108717048764,0.00988511214911108,5.5652580905465324e-8,2.9538155480411055e-19
Greece,2016,0.023723634087470923,0.018175464385574422,0.9567817627319858,0.0013191387949685685,1.8719755990790297e-18
Guatemala,2016,0.29924396044311846,0.04737896039041315,0.6004329734718373,0.052940472180818446,3.633513812540303e-6
Guinea,2016,0.06969590450006788,0.9302821630521957,2.1932447706081266e-5,3.0541955363684816e-14,2.8869141740153795e-26
Haiti,2016,0.2386308655827492,0.7613632909449932,5.843472254676112e-6,2.5579514988894383e-15,2.2144072959259176e-25
Honduras,2016,0.07650426212575201,0.5665284771248339,0.35667572101653616,2.915397328544215e-4,2.3347120925323133e-14
Hungary,2016,0.01683636595837177,0.015441369526883035,0.9497052170398148,0.018017047474857453,7.275264337016585e-14
Iceland,2016,0.013232920965941029,9.281340681099399e-8,2.0882238546944564e-4,6.545072737628451e-4,0.9859036565614199
India,2016,0.08418188185660284,0.9029640253235036,0.01285388571025523,2.0710963842882628e-7,7.11495046285321e-17
Indonesia,2016,0.7897511344023374,0.18698503719667484,0.023249700264025674,1.4124707033114092e-5,3.4299294095769757e-9
Iraq,2016,0.08905074043886944,0.6037524084886702,0.306946215407959,2.50635664438757e-4,6.241048302485574e-14
Ireland,2016,0.028108253606675942,1.1224334762794293e-7,9.06156546392899e-5,9.259333671854423e-5,0.9717084251586188
Israel,2016,0.0308563123105621,9.636640819676875e-5,0.15740844084142,0.8089526065851466,0.002686273854674826
Italy,2016,0.00928387689088832,8.520370534316248e-4,0.7151420666752925,0.27472201912580574,2.5458170547390615e-10
Jamaica,2016,0.06720116848120336,0.046925436172325384,0.8356896114023238,0.050183779652780924,4.291366607042996e-9
Japan,2016,0.0053076319179392135,1.4951379510287479e-5,0.10917058726231159,0.8854737034580844,3.312598215463505e-5
Jordan,2016,0.046809819914317916,0.04144863031087075,0.8673263698601038,0.04441517932435759,5.903497287902493e-10
Kazakhstan,2016,0.025577727455122334,0.004220859165007961,0.69029025096436,0.2799110947762838,6.76392258191981e-8
Kenya,2016,0.2475300715763097,0.7495863560130465,0.002883557124182568,1.528646048734171e-8,7.986174160917027e-16
Kosovo,2016,0.08883592817345831,0.6447082472931756,0.26628277607311873,1.7304846020803523e-4,3.932828506774871e-14
Kuwait,2016,0.02588545070102796,2.119961565601855e-4,0.22100534153513543,0.7525816937376347,3.155178696413632e-4
Latvia,2016,0.025361415833550977,0.012252200500709135,0.8594222327290784,0.1029641501675632,7.690981496449641e-10
Lebanon,2016,0.05350075696310014,0.12038342947423711,0.8164134573201858,0.009702356234263718,8.213223797709352e-12
Lesotho,2016,0.039496332753368196,0.9234277882757774,0.037075240112169505,6.388586844962406e-7,4.393752715312253e-19
Liberia,2016,0.02570105491068696,0.9742154035740221,8.35415150001155e-5,2.904485545910767e-13,1.7594118739678564e-27
Libya,2016,0.04893678375042911,0.02450293828743569,0.8392065332137908,0.08735373716141913,7.586925153003555e-9
Lithuania,2016,0.012252023394496044,0.002216440096675879,0.9571297880574401,0.02840174845137788,1.0228818063637568e-14
Luxembourg,2016,0.006799687453458857,4.345341742774471e-8,3.333956940319387e-4,0.002852279559472158,0.9900145938396195
Madagascar,2016,0.02044428351073442,0.9792272193782354,3.2849710550194455e-4,5.52816951743793e-12,1.325649678507921e-26
Malawi,2016,0.09396144364417403,0.9060033729807601,3.518337492873646e-5,1.3709827764724673e-13,1.3078605311001248e-24
Malaysia,2016,0.5173718745295368,0.030816034517862443,0.4093969998704848,0.042360375732593554,5.471534952203285e-5
Mali,2016,0.041214121134029016,0.95570404178227,0.0030818331798647732,3.903836162790287e-9,1.399570356473977e-20
Malta,2016,0.5981884549071131,2.3832598555306422e-5,0.0015310578598866614,2.4065585092230836e-4,0.4000159987835225
Mauritania,2016,0.04757923905341853,0.9391297688771345,0.01329087510748362,1.1696196336398784e-7,1.0124092304253268e-18
Mauritius,2016,0.37263745835442297,0.06601353138008592,0.5307962337377878,0.030550336951069047,2.43957663414288e-6
Mexico,2016,0.024368956755564518,0.001591226290959211,0.5060423572900139,0.46799609744411147,1.3622193507645605e-6
Moldova,2016,0.0599190292567786,0.2654594949477186,0.6724735922071,0.0021478835881957366,2.0702376974674864e-13
Mongolia,2016,0.17338387587279747,0.17720335080248725,0.6388782565966185,0.010534513496055255,3.23204168522589e-9
Montenegro,2016,0.04933319979232383,0.15751252980681088,0.7881993296174666,0.004954940782734644,6.63754079885702e-13
Morocco,2016,0.04738880925361888,0.45173557410218157,0.5007078740393985,1.6774260480122242e-4,2.858318647548356e-17
Mozambique,2016,0.15168986616852945,0.840779081032956,0.007530953468506673,9.93300071086488e-8,6.922136462779733e-16
Myanmar,2016,0.9998557995482407,1.4419919886229257e-4,1.2528973160055264e-9,2.231082431560392e-19,1.4793585617372622e-19
Namibia,2016,0.0712319240592335,0.3988124174823173,0.5290109411376761,9.447173206718082e-4,1.0127123556178207e-13
Nepal,2016,0.23515289830629219,0.7495718468669245,0.015274555823814802,6.990029204311366e-7,4.8183187535804857e-14
Netherlands,2016,0.04267904388388078,8.174919075838552e-8,4.133246609384733e-5,2.086128321774753e-5,0.9572586806176168
New Zealand,2016,0.07116663857527412,3.271251113730652e-9,1.3053335555633454e-6,1.2508301460118508e-7,0.9288319277369049
Nicaragua,2016,0.48674220739800445,0.05213846315706369,0.4335873940377095,0.027521842715726372,1.0092691496070291e-5
Niger,2016,0.061965956798680825,0.9372420368495894,7.920061032633555e-4,2.484665725966036e-10,6.324811466971327e-21
Nigeria,2016,0.036023912049306564,0.95684669249177845,0.00712937529125878,2.016765606896979e-8,2.3602130463700886e-20
North Macedonia,2016,0.07392568654313779,0.1635814864763105,0.7544091423696675,0.00808368458532039,2.5563357868358448e-11
Norway,2016,0.004335525305674836,1.6722673055465291e-9,6.1688372349502315e-6,1.2273975099810368e-5,0.9956460302097232
Pakistan,2016,0.0745391433552117,0.9221112088808575,0.0033496389402607827,8.823669823674072e-9,1.2686995985581032e-18
Panama,2016,0.03387972355132725,4.8492039124041784e-4,0.2951343397003839,0.6703465289775193,1.54487379529078e-4
Paraguay,2016,0.0984938010018774,0.026254279081577535,0.7661261313745491,0.10912549623738554,2.9230461063141164e-7
Peru,2016,0.03077058843298201,0.025658913481591706,0.8917635896834489,0.051806908256165886,1.4581157595762366e-10
Philippines,2016,0.23639144748027327,0.14121034562418397,0.6077456652001553,0.01465250899728516,3.269810247461069e-8
Poland,2016,0.012245000182442334,8.389768145805466e-4,0.5157035902973665,0.4712123615480805,7.115753042201303e-8
Portugal,2016,0.01208310586310861,0.002015773081736926,0.7593351577550773,0.22656596276308114,5.36996148332855e-10
Qatar,2016,0.03304203154861745,8.775327812198257e-8,5.711184858299676e-5,4.141163352373282e-5,0.9668593572159979
Romania,2016,0.02137158387965311,0.019327369665819688,0.9207991860501697,0.038501860396996636,7.360950014170386e-12
Rwanda,2016,0.9122901052416943,0.08753602978057856,1.7386455582819933e-4,4.216814565623686e-10,2.1760972235537695e-13
Saudi Arabia,2016,0.05661840866777448,7.037611132953947e-4,0.31580637036429055,0.6263955800528859,4.75879801753473e-4
Senegal,2016,0.056187431444403795,0.9107475525327735,0.033064021416395084,9.94606427486377e-7,1.899859238419764e-17
Serbia,2016,0.04450739864196551,0.16999780972232906,0.7822168833940693,0.003277908241540344,9.570751599830702e-14
Sierra Leone,2016,0.039738136525588594,0.9596467704847471,6.150929044686321e-4,8.519543576914291e-11,1.1954607985953416e-22
Singapore,2016,0.011311922294153969,2.2556382095405592e-8,3.8698985313736e-5,6.510840865989806e-5,0.9885842477554901
Slovakia,2016,0.010468134732571122,0.0014684133886776324,0.7803512659604621,0.20771218579630735,1.2198197978978702e-10
Slovenia,2016,0.02423087246048273,4.851584590716446e-4,0.31486731936402895,0.6603803762454322,3.62734709847002e-5
Somalia,2016,0.7724544779052412,0.2274640082336521,8.151384284005204e-5,1.826669628645298e-11,1.7899709512526453e-16
South Africa,2016,0.07606799816660548,0.49354975578431215,0.42987443846297263,5.078075860573417e-4,5.227219413954796e-14
South Sudan,2016,0.040263907978156946,0.9597114185242667,2.4673497553078744e-5,2.2948888594714595e-14,8.034538477946226e-28
Spain,2016,0.005192607474282966,4.201888784501896e-5,0.1928116281933017,0.8019524377414936,1.3077030767394612e-6
Sri Lanka,2016,0.8089614931307476,0.14405394052451528,0.04689425250936529,9.027081342073923e-5,4.302195117229084e-8
Sudan,2016,0.023417889304612617,0.9667897618938047,0.009792339253684881,9.54789777876672e-9,2.3706575881295487e-23
Sweden,2016,0.010165270143301604,4.043985286608395e-9,6.343139195305251e-6,5.6708348000451824e-6,0.9898227118387173
Switzerland,2016,0.001728574941500683,5.862497374655156e-10,7.959111794223346e-6,4.77054152488973e-5,0.9982157599452063
Taiwan Province of China,2016,0.01803552649578947,7.022620319673493e-4,0.39901040160182594,0.5822490486404759,2.7612299415157563e-6
Tajikistan,2016,0.26979560356294185,0.5783875308292378,0.15166317196368126,1.5369361627899024e-4,2.7859920991325516e-11
Tanzania,2016,0.05475774570058518,0.941908037172452,0.0033342106132560694,6.513706826244762e-9,1.5535533634844799e-19
Thailand,2016,0.9701553371390037,0.003266427020777137,0.02377319162254442,0.0010471497256064487,0.0017578944920680843
Togo,2016,0.03218596978580194,0.9677928752562622,2.115495792539499e-5,1.0780872372050365e-14,5.049914181172772e-29
Trinidad and Tobago,2016,0.09966204993299932,0.008408188948022303,0.6338575748143465,0.2580623261752763,9.860129355623071e-6
Tunisia,2016,0.043798419970474095,0.3308273224517126,0.625065705939661,0.00030855163815199284,3.893461367301001e-17
Turkey,2016,0.016237736970809328,0.011212809489278544,0.9342301744167985,0.03831927912180322,1.3101633379393194e-12
Turkmenistan,2016,0.33723917224964683,0.033504074979372696,0.5609916284783345,0.06825008568283586,1.5038609810224292e-5
Uganda,2016,0.0657147641693505,0.9306517450539428,0.0036334812738877216,9.5028188719113e-9,6.873161488468524e-19
Ukraine,2016,0.048807114209101034,0.4499517192412226,0.5010260346042233,2.151319454530888e-4,9.282146919363039e-17
United Arab Emirates,2016,0.08622883203037256,7.128051374990651e-6,0.0067480755780370575,0.017945799869169658,0.8890701644710457
United Kingdom,2016,0.2062772844645283,2.9130369037384425e-6,5.105751918231114e-4,1.678289372317999e-4,0.7930413983695136
United States,2016,0.14319006731936243,3.0475140883875562e-5,0.03173225148340769,0.10879700538396939,0.7162502006723763
Uruguay,2016,0.046487830987117916,1.3005496190179498e-4,0.16945183734767513,0.7778496466092154,0.006080630094089629
Uzbekistan,2016,0.9689240523720524,0.0022468348252297245,0.023199200924173283,0.0013979649529998904,0.004231946925544346
Vietnam,2016,0.31463699073420265,0.1308711258182761,0.5404244203311628,0.014067336319147875,1.2679721092952764e-7
Zambia,2016,0.08502600445519644,0.8739169119015446,0.04105445343357798,2.6302096799819847e-6,7.713943906429442e-16
Zimbabwe,2016,0.026601744913018265,0.9712781499363105,0.002120104338087773,8.125832134961359e-10,7.279971296425602e-23
Afghanistan,2017,0.027590317291249895,0.9723069109510795,1.0277175709994705e-4,5.708396086205823e-13,8.771415001112896e-27
Albania,2017,0.05280554290283592,0.09687460456956214,0.8362890388008231,0.014030813702563738,2.4215297765126215e-11
Algeria,2017,0.012506726027821994,0.0026210050285882807,0.807362801971346,0.17750946678476656,1.8747696469189562e-10
Angola,2017,0.027553907212535853,0.9516798980861574,0.02076618403834777,1.0662958804649477e-8,1.781724496264833e-25
Argentina,2017,0.003638810483851545,1.0001846502981792e-5,0.12622680708334885,0.870122432048434,1.94853786253682e-6
Armenia,2017,0.0322835051804573,0.12482946704848631,0.8419664966579565,9.205311130999116e-4,4.893498161830482e-17
Australia,2017,0.0028861737537617506,1.9028798003726414e-10,1.026408169977312e-6,1.5407910269416696e-6,0.9971112588567533
Austria,2017,0.006960690926911007,4.869896281581815e-8,9.687575345608342e-4,0.016933049676759307,0.975137453162806
Azerbaijan,2017,0.015569285944361532,0.002910445018751406,0.7361448001647944,0.24537546545777852,3.414314087886663e-9
Bahrain,2017,0.025639607977965093,1.3946399580878968e-5,0.07629903234067437,0.8703924725112968,0.02765494077048291
Bangladesh,2017,0.14465808978553404,0.5367787563051292,0.31803604347903613,5.271104263823687e-4,3.918178104564371e-12
Belarus,2017,0.01164341662260687,6.015483367934699e-4,0.45306840650141894,0.5346864538822164,1.746569642875842e-7
Belgium,2017,0.015283827330156584,2.1895759379295138e-7,0.007753703339817688,0.21254683516233755,0.7644154152100942
Benin,2017,0.03476827235728821,0.9645508053516735,6.809221994129376e-4,9.162523335820661e-11,5.358688449066995e-23
Bhutan,2017,0.9578134829365411,0.01297325848448153,0.028735472530958678,4.185168471044472e-4,5.926920091426342e-5
Bolivia,2017,0.08652445626616127,0.013019170790605274,0.709123405579151,0.1913314566936865,1.5106703957560979e-6
Bosnia and Herzegovina,2017,0.06326349429221151,0.10002410545809556,0.8204073867159389,0.016305013440683323,9.307077121269994e-11
Botswana,2017,0.04316819450948182,0.08416229571068469,0.859309615592224,0.013359894180198662,7.410754081489457e-12
Brazil,2017,0.0074591205207933985,5.289438837563251e-5,0.16843082212246432,0.8240414655990587,1.5697369307929248e-5
Bulgaria,2017,0.01081854282816107,0.002057650882777274,0.8861718536704596,0.10095195261518985,3.4123214244197285e-12
Burkina Faso,2017,0.0680110346624711,0.9213234033142591,0.010665450639703575,1.1138356639806614e-7,1.1033065909203592e-17
Burundi,2017,0.020034245020860184,0.9799519056320817,1.3849347057594705e-5,7.902294396274318e-16,3.2864918020201836e-33
Cambodia,2017,0.6366904839175499,0.3236150685897804,0.039671472332161874,2.297449220497913e-5,6.68303054627094e-10
Cameroon,2017,0.08484580442615618,0.8752458970679361,0.039905829351330184,2.4691545769897364e-6,7.214941763261859e-16
Canada,2017,0.0020991596308795246,3.2701783370234247e-10,2.6573816879490004e-6,7.903832800035871e-6,0.9978902788276148
Chad,2017,0.021325594084109216,0.9772107124269829,0.0014636932883688788,2.0053913843679225e-10,1.3742952961744368e-24
Chile,2017,0.02513047428738795,8.979863096145996e-5,0.15693093506485453,0.8163599544957851,0.001488837521010954
China,2017,0.009026633328084446,7.641105367784954e-4,0.7603038785866315,0.22990537749253118,5.597431858911315e-11
Colombia,2017,0.007650413551948073,1.4877334373952398e-4,0.2870227939279905,0.7051773005679188,7.186084032433895e-7
Comoros,2017,0.03308429553576332,0.9639349510199933,0.0029807508257369392,2.618506407574606e-9,1.726043346584444e-21
Costa Rica,2017,0.012250647976760358,4.641412260160734e-6,0.05573037982948651,0.9221125574293145,0.009901773352178426
Croatia,2017,0.03425365529763109,0.023437406620489362,0.8751982375394884,0.06711069992767686,6.147145289998505e-10
Cyprus,2017,0.015919628679262807,6.533624179178318e-4,0.40433363420411633,0.5790918143342155,1.5603644877951572e-6
Czech Republic,2017,0.0030587924777608407,3.0325853632818764e-6,0.10887310988855267,0.8880644365076884,6.285406349413955e-7
Denmark,2017,0.0010428097776477682,2.1263433915047256e-11,4.375065117777985e-7,1.4143502462447854e-6,0.9989553383443307
Dominican Republic,2017,0.029126743649996914,0.0011016257521360132,0.42011144484385704,0.5496497575150999,1.0428238910126866e-5
Ecuador,2017,0.014319600298662883,3.434502451380117e-4,0.3144877799466314,0.6708435200388587,5.649470709114979e-6
El Salvador,2017,0.01318700544381954,0.0017514488033361,0.6769189391043916,0.3081426014785743,5.169878417542997e-9
Estonia,2017,0.004917871611871906,1.6083532301913175e-5,0.1183386892240751,0.8767117110135777,1.56446181733358e-5
Ethiopia,2017,0.2639908671486939,0.724472198971234,0.011536529181055173,4.0469897025480417e-7,4.682223400015399e-14
Finland,2017,9.151661821755903e-4,1.1931518680830787e-10,7.870161558320655e-6,1.2031448959570698e-4,0.9989566490473554
France,2017,0.004191255590315721,1.283960267771051e-6,0.04614900812047284,0.9492923902910874,3.6606203785608546e-4
Gabon,2017,0.023529758094805887,0.047482889882639503,0.9230980181213877,0.005889333901158317,8.907395857955098e-15
Georgia,2017,0.06912872473295774,0.2667665697451136,0.6614398819645859,0.0026648235564371426,9.054984276283151e-13
Germany,2017,0.004090545842509855,1.2898559363170017e-8,1.656554571233814e-4,0.0017809755398901104,0.9939628102619172
Ghana,2017,0.07493487612790575,0.8806572674891554,0.04440516395934823,2.6924235903651695e-6,3.3945791215589047e-16
Greece,2017,0.014009316716907024,9.626749514881123e-4,0.9645348200418531,0.020493188289751066,8.454472212069914e-16
Guatemala,2017,0.1276793415614487,0.003820692243149821,0.4956395236161036,0.3726755786978275,1.848638814706395e-4
Guinea,2017,0.051105831011267186,0.9482869697338148,6.071991460667195e-4,1.0885112207522731e-10,7.517719127094631e-22
Haiti,2017,0.10156877002328635,0.898412661060812,1.856891587473847e-5,2.7164898706443983e-14,1.575230728365089e-25
Honduras,2017,0.07893951495117368,0.09512370613071722,0.8047470393601147,0.021189738981968433,5.760258728490569e-10
Hungary,2017,0.010364830688964568,0.001250069377344297,0.905389028851237,0.08299607108196765,4.86596853002131e-13
Iceland,2017,0.0015634453174978326,4.931470708981375e-10,8.050888373541992e-6,5.492306257243195e-5,0.998373580238409
India,2017,0.1576184489592069,0.6465857292062045,0.1956316526311244,1.64169201941232e-4,1.523205631312121e-12
Indonesia,2017,0.9489234301329419,0.029671238413121127,0.021308750707009372,9.385521809125431e-5,2.7255288360975833e-6
Iraq,2017,0.0684949904941516,0.19035263063052377,0.7356167754922245,0.005535603377142384,5.957850547355209e-12
Ireland,2017,0.002297112349867044,7.464557781140395e-10,6.076371430227054e-6,2.3226013311764615e-5,0.9976735845189353
Israel,2017,0.018189556065570142,6.167199255972092e-6,0.05868133860889212,0.8968677092155859,0.026255228910696083
Italy,2017,0.004699959550566298,3.954998457992736e-5,0.29724338690074775,0.6980170860375903,1.752651594041657e-8
Jamaica,2017,0.03603587717314153,0.004117290392563146,0.6311860869038108,0.3286600899907658,6.555397183497941e-7
Japan,2017,0.003762683778636086,1.1510586661006278e-6,0.047085186316772276,0.9489531015334499,1.9787731247566798e-4
Jordan,2017,0.031802196889999565,0.005665235305025576,0.7075308291541804,0.2550016338380104,1.0481278418773817e-7
